V   distance     parent   obstacle Смежна справа Смежна слева Смежна сверху Смежна снизу coordinate X  coordinate Y
1       0          0          0           2            0            9            0            0             0
2       0          0          0           3            1           10            0            1             0
3       0          0         -1           4            2           11            0            2             0
4       4         12          1           5            3           12            0            3             0
5       5          4          1           6            4           13            0            4             0
6       0          0         -1           7            5           14            0            5             0
7       7         15          1           8            6           15            0            6             0
8       0          0         -1           0            7           16            0            7             0
9       0          0          0          10            0           17            1            0             1
10       0          0         -1          11            9           18            2            1             1
11       2         19          1          12           10           19            3            2             1
12       3         20          1          13           11           20            4            3             1
13       0          0         -1          14           12           21            5            4             1
14       5         22          1          15           13           22            6            5             1
15       6         23          1          16           14           23            7            6             1
16       7         24          1           0           15           24            8            7             1
17       0          0         -1          18            0           25            9            0             2
18       0          0          1          19           17           26           10            1             2
19       1         18          1          20           18           27           11            2             2
20       2         19          1          21           19           28           12            3             2
21       3         20          1          22           20           29           13            4             2
22       4         21          1          23           21           30           14            5             2
23       5         22          1          24           22           31           15            6             2
24       6         23          1           0           23           32           16            7             2
25       0          0         -1          26            0           33           17            0             3
26       0          0         -1          27           25           34           18            1             3
27       0          0         -1          28           26           35           19            2             3
28       0          0         -1          29           27           36           20            3             3
29       4         21          1          30           28           37           21            4             3
30       5         22          1          31           29           38           22            5             3
31       6         23          1          32           30           39           23            6             3
32       7         24          1           0           31           40           24            7             3
33       0          0          0          34            0           41           25            0             4
34       0          0          0          35           33           42           26            1             4
35       0          0         -1          36           34           43           27            2             4
36       6         37          1          37           35           44           28            3             4
37       5         29          1          38           36           45           29            4             4
38       6         30          1          39           37           46           30            5             4
39       7         31          1          40           38           47           31            6             4
40       8         32          1           0           39           48           32            7             4
41       0          0          0          42            0           49           33            0             5
42       0          0         -1          43           41           50           34            1             5
43       0          0          0          44           42           51           35            2             5
44       0          0         -1          45           43           52           36            3             5
45       0          0         -1          46           44           53           37            4             5
46       7         38          1          47           45           54           38            5             5
47       8         39          1          48           46           55           39            6             5
48       9         40          1           0           47           56           40            7             5
49       0          0         -1          50            0           57           41            0             6
50       0          0          0          51           49           58           42            1             6
51       0          0         -1          52           50           59           43            2             6
52       0          0          0          53           51           60           44            3             6
53       9         54          1          54           52           61           45            4             6
54       8         46          1          55           53           62           46            5             6
55       9         47          1          56           54           63           47            6             6
56      10         48          1           0           55           64           48            7             6
57       0          0          0          58            0            0           49            0             7
58       0          0          0          59           57            0           50            1             7
59       0          0          0          60           58            0           51            2             7
60       0          0          0          61           59            0           52            3             7
61       0          0          0          62           60            0           53            4             7
62       0          0         -1          63           61            0           54            5             7
63       0          0         -1          64           62            0           55            6             7
64       0          0         -1           0           63            0           56            7             7
